Characters can be read visually top is to the right.

A  =
011111100
000010010
000010010
000010010
011111100
000000000
B  =
010000010
011111110
010010010
010010010
010010010
000000000
C  =
001111100
010000010
010000010
010000010
010000010
000000000
D  =
010000010
011111110
010000010
010000010
001111100
000000000
E  =
011111110
010010010
010010010
010010010
010000010
000000000
F  =
011111110
000010010
000010010
000010010
000000010
000000000
G  =
001111100
010000010
010000010
010010010
011110010
000000000
H  =
011111110
000010000
000010000
000010000
011111110
000000000
I  =
000000000
000000000
011111110
000000000
000000000
000000000
J  =
011000000
010000000
010000010
010000010
001111110
000000000
K  =
011111110
000010000
000111000
011000110
010000010
000000000
L  =
011111110
010000000
010000000
010000000
010000000
000000000
M  =
011111110
000001100
000011000
000001100
011111110
000000000
N  =
011111110
000001100
000111000
001100000
011111110
000000000
O  =
011111110
010000010
010000010
010000010
011111110
000000000
P  =
000000010
011111110
000010010
000010010
000001100
000000000
Q  =
001111100
010000010
010100010
001000010
010111100
000000000
R  =
000000010
011111110
000110010
001010010
010001100
000000000
S  =
010001100
010010010
010010010
010010010
001100010
000000000
T  =
000000010
000000010
011111110
000000010
000000010
000000000
U  =
001111110
010000000
010000000
010000000
001111110
000000000
V  =
011111110
011000000
001110000
000011100
000000110
000000000
W  =
001111110
010000000
001110000
010000000
001111110
000000000
X  =
011000110
000101000
000111000
000101000
011000110
000000000
Y  =
000000110
000011100
011110000
000011100
000000110
000000000
Z  =
010000010
011100010
010111010
010001110
010000010
000000000
0  =
010000000
001111100
001000100
001111100
000000010
000000000
1  =
000001000
010000100
011111110
010000000
000000000
000000000
2  =
011000100
010100010
010010010
010010010
010001100
000000000
3  =
011000000
010000010
010010010
010011010
001110110
000000000
4  =
000011110
000010000
000010000
011111100
000010000
000000000
5  =
001000000
010001110
010001110
001001010
000110010
000000000
6  =
001111000
010010100
010010010
010010010
001100000
000000000
7  =
000000010
011100010
000110010
000011010
000001110
000000000
8  =
011111110
010010010
010010010
010010010
011111110
000000000
9  =
000001100
010010010
010010010
010010010
001111100
000000000
Space  =
000000000
000000000
000000000
000000000
000000000
000000000 